100013817764172
100090885384771
61558304378068
100028157709852
100064084000068
61564955464928
61559283604348
100034374138498
1147922747
61564890743917
100065546035457
61554226015600
61564111450010
100080262703257
61564522037513
100003629297540
61563331221101
100092486354695
61565045491213
61564650583411
100094350690322
100009056020853
61564868617991
1439479480
61564942475198
61564642303314
100086159565571
61565188465578
61564759660971
61557705092960
61561104475146
61560762446072
61565232713989
755387411
61564645423990
61564927175966
61564674702810
100045410497544
61563781940407
100046316799638
61564903287803
100057644693445
61564770100683
100002918694596
100016810233957
100009080726305
61564628435130
61564858117677
61564611344935
61564752401308
100095275372162
100002200929094
100069847607897
100027244462925
61556606552613
100094318057533
100063883426795
61555518826255
100012967062609
100089808071465
61564991493257
100011688378276
61565024518088
61564911906617
61557762910481
61561077548224
100039580455443
100002863773520
61564504965976
61558328664029
61564666693072
61564951924568
100083799756927
61564784200479
61564873538130
61556112247017
61554512553264
61564651723582
100006636874510
61557433221932
100090235877816
61563829931441
61565027220478
61565215404369
61565221463781
61565311222929
100090061737108
61561089385380
100095431059469
100003125547848
100051624978031
61564873265370
61565098378885
100047830670398
61565348482308
100094658367921
61564817438176
100032441386189
61564865138372
61565386220786
61553292321872
61558404850034
61562272869931
61564871467690
100010654843155
61559076741329
100009632331704
100013222712759
100039557795502
61556135562361
61565188945694
61559915013835
100083375720339
100049513788096
61557045727033
61553474068246
61565279481968
100067239548706
100059164969366
100000738650739
100071790780126
100077160563450
100067690954620
100078780215311
100006256383687
100011015109715
739722761
61564684182030
100095551925508
100027124733399
100077416580780
100006388451253
100002189182466
100065289874833
100002330034143
100080893236548
61564349023617
61552610040903
61551921995075
61563580064084
100003377985670
100078675108463
61565261783465
100068927846127
61565009246564
100025350370624
100093083063718
100092628537783
100093997057047
100041943103502
100035448139233
61550072675039
100087809568437
100070098467888
61553525771544
61564322541103
100022009637868
100066464060947
100058585843216
100073474960083
1002820106
100094669532249
100063699656352
100086712930788
100051133510726
100034252359857
61551688928611
61565159756633
100060420067463
100090605606587
100010702269232
100007721028109
100086962823503
61564766500777
100004933690569
100074099808203
61564847199104
100006207697477
100087412174289
100008522550105
100003640538918
61565181445541
61565150427236
61565047860766
61565078939424
61564992782750
100010744398067
100005188413951
61561930831226
61565206284776
61559880793631
100014360355402
61564860188237
100063601076446
1318953405
61552983611668
61560211328326
100021720738742
61558533946566
61555853386347
100008391845808
100028175103692
100001127463375
100043504446049
61560812324756
100071615892520
100014002471262
61565027850040
61565225933000
100087957614952
100008631974745
100042958442883
100077795679147
61564795330169
100074967240059
100018753063347
61564579095558
100034359075201
61561671043001
100050352856262
61564099059318
100064802494048
61564609965232
61564823632287
1450454309
61564605914726
100092184296365
61564938065182
61564947844874
61564378088050
61564680941965
61565039791218
61565141817297
61564928274279
61565188192950
100013248122022
61565153516969
61564821969410
61564673352561
100079662601056
61554696991918
61560262977334
100086915095095
61557269265095
61565353071704
61565042610610
100086971699639
61564202982585
61564923215421
100027054323200
61565009432052
100001243191021
100094490470205
100081182671320
61564811019003
1355997341
100001212044426
61565366331367
1405391452
61564584375085
61564642663466
100078960082674
100066290924411
61565378120982
100005425990397
61554510930486
100041217797798
61565144276394
61565156456669
61565156546680
100083825960158
61564760650724
1241324910
100022880287125
100025794283186
712828861
100089877484663
100002883377739
61554154911741
100080165712134
61561766264777
61565365790537
100092016304206
61550278521069
100085257516600
61564134312839
61564959304170
61556947088362
100081079390028
61563315556599
100021685206633
61556714446180
100011538102327
100070427310681
61557894461694
100006377626865
100011849648054
100019555913388
61564607583512
100048722555426
100014877151124
61552258192813
100086262524254
100000930410087
100092424980175
100047139663999
100089591811771
61561171793413
100088050917840
61564166265575
100003233053825
100089314664692
100001273429261
61563335591018
61564901900867
100094101488240
100031043823174
100089999611188
100083166822772
61563495365266
1281174264
100069584514978
61565046501261
100091742293788
61565140857101
61563913687947
61552412276248
61557096713761
100003958085245
61564414870124
61564405525967
100002336213341
100080693615202
100083687679954
100012944311469
100074159872098
100084737643183
100064098081006
100011666552616
100091940622147
61562315402622
61553426581860
1458914891
61554018261077
61565107465924
100089494519753
100025956977701
100093087713095
100065408622174
100034481977654
100009347595370
1750464067
61559300457404
100040929161089
61561350540345
100085102931019
61553156501417
61552680218342
61564972528201
100089193211077
100060992924244
100057819894301
1186534812
61563887445656
100056106754128
61551860967062
61555277992884
100063696574399
100036468605432
100010874469486
61552489432045
100011296716409
100088067416908
100012236107421
61552096589029
61557418660154
61565140796984
61559360760514
100000162623519
61555308091180
100045442830830
100042842632543
100000352129445
100081196066736
61560727055250
100069447879566
100080736570842
100057511874998
100024907571609
61564986629262
100028663110788
61565223833547
557019761
100004254481090
100002141477982
100041468328468
100021757936647
100025774200976
100092867562617
100001973889764
61565174725754
61562000255379
61563406435424
100000886676798
61559911028883
61558973327747
100086649930553
61556625819118
61564092537918
61564576343957
61565114757485
61561814433563
61565066487953
100064820795977
61562064381048
61551751178587
100045919881443
61550771470383
100069695331183
100089359873626
100068168686780
61560642703116
1281085325
61564332987229
100071278143075
100050957591322
100007577493896
61557014348592
61551049049390
100021592396961
61560999286451
61559771936370
100088156216878
100040767079134
61564878786714
61554141022809
100088738576374
295700189
100088716202053
61563457214153
61564753720724
61564823138864
61554214231725
100015173377576
100062108363374
100029496324043
100044264595886
100088782801954
61564949966442
61556919183428
61564893486556
100084512782885
100032507141735
100078401016937
100029202769117
100094756506377
61565190804934
100078882620311
61563861856466
100009296624428
1539458968
61564860427842
61556067202860
61564821515940
100076314161311
61564899786358
61565158045970
100052212002095
61564951144402
100077892438464
61563197843572
100080424074445
100000251861425
100003606818399
61553278421669
61551838547869
100024423249792
61564920625867
61554546037107
61564860667510
100060921815689
100058154602545
100089535021462
100077290361701
100002592116228
61552864986514
100017619641545
100069519407315
61552597984226
61565123757613
61551092216612
100080729865157
100003058184708
100002450073307
100001968978829
100054859736012
61563539981582
61556217165926
100092612559028
100074535103763
61559196758799
100062848042125
61562120244924
61564532505713
61564976693592
61564836458772
100066868765702
100022073071131
100027278312631
100035517840551
61565198244595
100085237879949
100073689892642
100004252896068
100074648683955
100090009558263
100055691717906
61565131497253
100050658163558
100066476860316
100052393236503
61564825568482
718262903
100081477921169
61564902366202
61554800662098
61564875877009
61558321054463
61561322903734
61564674132031
100089503699321
61557327992134
61550814845795
100003251498476
100094046920716
100090665628126
61550103753866
100022011437537
100053977521680
100073340230461
61563662407662
61565014561126
61561320005040
100064756301866
100000691885004
100011730676133
61564880305374
1194852527
100067180831096
61565195540480
61559780128317
100005088664695
61564504637046
100090836571023
61557415081516
100088156925079
61561877476401
100063695882842
100059174471526
1647134289
100016149130804
100026746812886
1234976577
100080220115149
100090402583296
100080385073811
61561277823646
61554964107223